xof 0303txt 0032
template ColorRGBA {
 <35ff44e0-6c7c-11cf-8f52-0040333594a3>
 FLOAT red;
 FLOAT green;
 FLOAT blue;
 FLOAT alpha;
}

template ColorRGB {
 <d3e16e81-7835-11cf-8f52-0040333594a3>
 FLOAT red;
 FLOAT green;
 FLOAT blue;
}

template Material {
 <3d82ab4d-62da-11cf-ab39-0020af71e433>
 ColorRGBA faceColor;
 FLOAT power;
 ColorRGB specularColor;
 ColorRGB emissiveColor;
 [...]
}

template TextureFilename {
 <a42790e1-7810-11cf-8f52-0040333594a3>
 STRING filename;
}

template Frame {
 <3d82ab46-62da-11cf-ab39-0020af71e433>
 [...]
}

template Matrix4x4 {
 <f6f23f45-7686-11cf-8f52-0040333594a3>
 array FLOAT matrix[16];
}

template FrameTransformMatrix {
 <f6f23f41-7686-11cf-8f52-0040333594a3>
 Matrix4x4 frameMatrix;
}

template Vector {
 <3d82ab5e-62da-11cf-ab39-0020af71e433>
 FLOAT x;
 FLOAT y;
 FLOAT z;
}

template MeshFace {
 <3d82ab5f-62da-11cf-ab39-0020af71e433>
 DWORD nFaceVertexIndices;
 array DWORD faceVertexIndices[nFaceVertexIndices];
}

template Mesh {
 <3d82ab44-62da-11cf-ab39-0020af71e433>
 DWORD nVertices;
 array Vector vertices[nVertices];
 DWORD nFaces;
 array MeshFace faces[nFaces];
 [...]
}

template MeshNormals {
 <f6f23f43-7686-11cf-8f52-0040333594a3>
 DWORD nNormals;
 array Vector normals[nNormals];
 DWORD nFaceNormals;
 array MeshFace faceNormals[nFaceNormals];
}

template MeshMaterialList {
 <f6f23f42-7686-11cf-8f52-0040333594a3>
 DWORD nMaterials;
 DWORD nFaceIndexes;
 array DWORD faceIndexes[nFaceIndexes];
 [Material <3d82ab4d-62da-11cf-ab39-0020af71e433>]
}

template Coords2d {
 <f6f23f44-7686-11cf-8f52-0040333594a3>
 FLOAT u;
 FLOAT v;
}

template MeshTextureCoords {
 <f6f23f40-7686-11cf-8f52-0040333594a3>
 DWORD nTextureCoords;
 array Coords2d textureCoords[nTextureCoords];
}

template Animation {
 <3d82ab4f-62da-11cf-ab39-0020af71e433>
 [...]
}

template AnimationSet {
 <3d82ab50-62da-11cf-ab39-0020af71e433>
 [Animation <3d82ab4f-62da-11cf-ab39-0020af71e433>]
}

template FloatKeys {
 <10dd46a9-775b-11cf-8f52-0040333594a3>
 DWORD nValues;
 array FLOAT values[nValues];
}

template TimedFloatKeys {
 <f406b180-7b3b-11cf-8f52-0040333594a3>
 DWORD time;
 FloatKeys tfkeys;
}

template AnimationKey {
 <10dd46a8-775b-11cf-8f52-0040333594a3>
 DWORD keyType;
 DWORD nKeys;
 array TimedFloatKeys keys[nKeys];
}


Material PDX07_-_Default {
 1.000000;1.000000;1.000000;1.000000;;
 3.200000;
 0.000000;0.000000;0.000000;;
 0.000000;0.000000;0.000000;;

 TextureFilename {
  "wood.jpg";
 }
}

Frame Box02 {
 

 FrameTransformMatrix {
  0.274270,0.961653,0.000000,0.000000,-0.961653,0.274270,0.000000,0.000000,0.000000,0.000000,1.000000,0.000000,-13.709091,46.553234,0.450298,1.000000;;
 }

 Mesh  {
  20;
  -46.987053;0.000000;-0.997770;,
  46.987053;0.000000;-0.997770;,
  -46.987053;0.000000;0.997770;,
  46.987053;0.000000;0.997770;,
  -46.987053;10.290054;-0.997770;,
  46.987053;10.290054;-0.997770;,
  -46.987053;10.290054;0.997770;,
  46.987053;10.290054;0.997770;,
  -46.987053;0.000000;-0.997770;,
  46.987053;10.290054;-0.997770;,
  46.987053;0.000000;-0.997770;,
  -46.987053;10.290054;-0.997770;,
  46.987053;0.000000;0.997770;,
  46.987053;10.290054;-0.997770;,
  46.987053;0.000000;0.997770;,
  -46.987053;10.290054;0.997770;,
  -46.987053;0.000000;0.997770;,
  46.987053;10.290054;0.997770;,
  -46.987053;0.000000;0.997770;,
  -46.987053;10.290054;-0.997770;;
  12;
  3;0,3,2;,
  3;3,0,1;,
  3;4,7,5;,
  3;7,4,6;,
  3;8,9,10;,
  3;9,8,11;,
  3;1,7,12;,
  3;7,1,13;,
  3;14,15,16;,
  3;15,14,17;,
  3;18,19,0;,
  3;19,18,6;;

  MeshNormals  {
   8;
   0.000000;-1.000000;0.000000;,
   0.000000;1.000000;0.000000;,
   0.000000;0.000000;-1.000000;,
   0.000000;0.000000;-1.000000;,
   1.000000;0.000000;0.000000;,
   0.000000;0.000000;1.000000;,
   0.000000;0.000000;1.000000;,
   -1.000000;0.000000;0.000000;;
   12;
   3;0,0,0;,
   3;0,0,0;,
   3;1,1,1;,
   3;1,1,1;,
   3;2,2,3;,
   3;2,2,3;,
   3;4,4,4;,
   3;4,4,4;,
   3;5,5,6;,
   3;5,5,6;,
   3;7,7,7;,
   3;7,7,7;;
  }

  MeshMaterialList  {
   1;
   12;
   0,
   0,
   0,
   0,
   0,
   0,
   0,
   0,
   0,
   0,
   0,
   0;
   { PDX07_-_Default }
  }

  MeshTextureCoords  {
   20;
   1.000000;1.000000;,
   0.000000;1.000000;,
   1.000000;0.000000;,
   0.000000;0.000000;,
   0.000000;1.000000;,
   1.000000;1.000000;,
   0.000000;0.000000;,
   1.000000;0.000000;,
   0.000000;1.000000;,
   1.000000;0.000000;,
   1.000000;1.000000;,
   0.000000;0.000000;,
   1.000000;1.000000;,
   0.000000;0.000000;,
   0.000000;1.000000;,
   1.000000;0.000000;,
   1.000000;1.000000;,
   0.000000;0.000000;,
   0.000000;1.000000;,
   1.000000;0.000000;;
  }
 }
}

Frame Box03 {
 

 FrameTransformMatrix {
  -0.361050,0.932546,0.000000,0.000000,-0.932546,-0.361050,0.000000,0.000000,0.000000,0.000000,1.000000,0.000000,29.005619,50.044144,0.450298,1.000000;;
 }

 Mesh  {
  20;
  -46.987053;0.000000;-0.997770;,
  46.987053;0.000000;-0.997770;,
  -46.987053;0.000000;0.997770;,
  46.987053;0.000000;0.997770;,
  -46.987053;10.290054;-0.997770;,
  46.987053;10.290054;-0.997770;,
  -46.987053;10.290054;0.997770;,
  46.987053;10.290054;0.997770;,
  -46.987053;0.000000;-0.997770;,
  46.987053;10.290054;-0.997770;,
  46.987053;0.000000;-0.997770;,
  -46.987053;10.290054;-0.997770;,
  46.987053;0.000000;0.997770;,
  46.987053;10.290054;-0.997770;,
  46.987053;0.000000;0.997770;,
  -46.987053;10.290054;0.997770;,
  -46.987053;0.000000;0.997770;,
  46.987053;10.290054;0.997770;,
  -46.987053;0.000000;0.997770;,
  -46.987053;10.290054;-0.997770;;
  12;
  3;0,3,2;,
  3;3,0,1;,
  3;4,7,5;,
  3;7,4,6;,
  3;8,9,10;,
  3;9,8,11;,
  3;1,7,12;,
  3;7,1,13;,
  3;14,15,16;,
  3;15,14,17;,
  3;18,19,0;,
  3;19,18,6;;

  MeshNormals  {
   8;
   0.000000;-1.000000;0.000000;,
   0.000000;1.000000;0.000000;,
   0.000000;0.000000;-1.000000;,
   0.000000;0.000000;-1.000000;,
   1.000000;0.000000;0.000000;,
   0.000000;0.000000;1.000000;,
   0.000000;0.000000;1.000000;,
   -1.000000;0.000000;0.000000;;
   12;
   3;0,0,0;,
   3;0,0,0;,
   3;1,1,1;,
   3;1,1,1;,
   3;2,2,3;,
   3;2,2,3;,
   3;4,4,4;,
   3;4,4,4;,
   3;5,5,6;,
   3;5,5,6;,
   3;7,7,7;,
   3;7,7,7;;
  }

  MeshMaterialList  {
   1;
   12;
   0,
   0,
   0,
   0,
   0,
   0,
   0,
   0,
   0,
   0,
   0,
   0;
   { PDX07_-_Default }
  }

  MeshTextureCoords  {
   20;
   1.000000;1.000000;,
   0.000000;1.000000;,
   1.000000;0.000000;,
   0.000000;0.000000;,
   0.000000;1.000000;,
   1.000000;1.000000;,
   0.000000;0.000000;,
   1.000000;0.000000;,
   0.000000;1.000000;,
   1.000000;0.000000;,
   1.000000;1.000000;,
   0.000000;0.000000;,
   1.000000;1.000000;,
   0.000000;0.000000;,
   0.000000;1.000000;,
   1.000000;0.000000;,
   1.000000;1.000000;,
   0.000000;0.000000;,
   0.000000;1.000000;,
   1.000000;0.000000;;
  }
 }
}

Frame Box04 {
 

 FrameTransformMatrix {
  -0.981723,-0.190317,0.000000,0.000000,0.190317,-0.981723,0.000000,0.000000,0.000000,0.000000,1.000000,0.000000,0.091667,71.586678,-1.508831,1.000000;;
 }

 Mesh  {
  20;
  -47.926701;0.000000;-0.997770;,
  47.926701;0.000000;-0.997770;,
  -47.926701;0.000000;0.997770;,
  47.926701;0.000000;0.997770;,
  -47.926701;10.290054;-0.997770;,
  47.926701;10.290054;-0.997770;,
  -47.926701;10.290054;0.997770;,
  47.926701;10.290054;0.997770;,
  -47.926701;0.000000;-0.997770;,
  47.926701;10.290054;-0.997770;,
  47.926701;0.000000;-0.997770;,
  -47.926701;10.290054;-0.997770;,
  47.926701;0.000000;0.997770;,
  47.926701;10.290054;-0.997770;,
  47.926701;0.000000;0.997770;,
  -47.926701;10.290054;0.997770;,
  -47.926701;0.000000;0.997770;,
  47.926701;10.290054;0.997770;,
  -47.926701;0.000000;0.997770;,
  -47.926701;10.290054;-0.997770;;
  12;
  3;0,3,2;,
  3;3,0,1;,
  3;4,7,5;,
  3;7,4,6;,
  3;8,9,10;,
  3;9,8,11;,
  3;1,7,12;,
  3;7,1,13;,
  3;14,15,16;,
  3;15,14,17;,
  3;18,19,0;,
  3;19,18,6;;

  MeshNormals  {
   6;
   0.000000;-1.000000;0.000000;,
   0.000000;1.000000;0.000000;,
   0.000000;0.000000;-1.000000;,
   1.000000;0.000000;0.000000;,
   0.000000;0.000000;1.000000;,
   -1.000000;0.000000;0.000000;;
   12;
   3;0,0,0;,
   3;0,0,0;,
   3;1,1,1;,
   3;1,1,1;,
   3;2,2,2;,
   3;2,2,2;,
   3;3,3,3;,
   3;3,3,3;,
   3;4,4,4;,
   3;4,4,4;,
   3;5,5,5;,
   3;5,5,5;;
  }

  MeshMaterialList  {
   1;
   12;
   0,
   0,
   0,
   0,
   0,
   0,
   0,
   0,
   0,
   0,
   0,
   0;
   { PDX07_-_Default }
  }

  MeshTextureCoords  {
   20;
   1.000000;1.000000;,
   0.000000;1.000000;,
   1.000000;0.000000;,
   0.000000;0.000000;,
   0.000000;1.000000;,
   1.000000;1.000000;,
   0.000000;0.000000;,
   1.000000;0.000000;,
   0.000000;1.000000;,
   1.000000;0.000000;,
   1.000000;1.000000;,
   0.000000;0.000000;,
   1.000000;1.000000;,
   0.000000;0.000000;,
   0.000000;1.000000;,
   1.000000;0.000000;,
   1.000000;1.000000;,
   0.000000;0.000000;,
   0.000000;1.000000;,
   1.000000;0.000000;;
  }
 }
}

Frame Box05 {
 

 FrameTransformMatrix {
  -0.997757,-0.066947,0.000000,0.000000,0.066947,-0.997757,0.000000,0.000000,0.000000,0.000000,1.000000,0.000000,0.091667,29.237793,-1.508831,1.000000;;
 }

 Mesh  {
  20;
  -47.926701;0.000000;-0.997770;,
  47.926701;0.000000;-0.997770;,
  -47.926701;0.000000;0.997770;,
  47.926701;0.000000;0.997770;,
  -47.926701;10.290054;-0.997770;,
  47.926701;10.290054;-0.997770;,
  -47.926701;10.290054;0.997770;,
  47.926701;10.290054;0.997770;,
  -47.926701;0.000000;-0.997770;,
  47.926701;10.290054;-0.997770;,
  47.926701;0.000000;-0.997770;,
  -47.926701;10.290054;-0.997770;,
  47.926701;0.000000;0.997770;,
  47.926701;10.290054;-0.997770;,
  47.926701;0.000000;0.997770;,
  -47.926701;10.290054;0.997770;,
  -47.926701;0.000000;0.997770;,
  47.926701;10.290054;0.997770;,
  -47.926701;0.000000;0.997770;,
  -47.926701;10.290054;-0.997770;;
  12;
  3;0,3,2;,
  3;3,0,1;,
  3;4,7,5;,
  3;7,4,6;,
  3;8,9,10;,
  3;9,8,11;,
  3;1,7,12;,
  3;7,1,13;,
  3;14,15,16;,
  3;15,14,17;,
  3;18,19,0;,
  3;19,18,6;;

  MeshNormals  {
   6;
   0.000000;-1.000000;0.000000;,
   0.000000;1.000000;0.000000;,
   0.000000;0.000000;-1.000000;,
   1.000000;0.000000;0.000000;,
   0.000000;0.000000;1.000000;,
   -1.000000;0.000000;0.000000;;
   12;
   3;0,0,0;,
   3;0,0,0;,
   3;1,1,1;,
   3;1,1,1;,
   3;2,2,2;,
   3;2,2,2;,
   3;3,3,3;,
   3;3,3,3;,
   3;4,4,4;,
   3;4,4,4;,
   3;5,5,5;,
   3;5,5,5;;
  }

  MeshMaterialList  {
   1;
   12;
   0,
   0,
   0,
   0,
   0,
   0,
   0,
   0,
   0,
   0,
   0,
   0;
   { PDX07_-_Default }
  }

  MeshTextureCoords  {
   20;
   1.000000;1.000000;,
   0.000000;1.000000;,
   1.000000;0.000000;,
   0.000000;0.000000;,
   0.000000;1.000000;,
   1.000000;1.000000;,
   0.000000;0.000000;,
   1.000000;0.000000;,
   0.000000;1.000000;,
   1.000000;0.000000;,
   1.000000;1.000000;,
   0.000000;0.000000;,
   1.000000;1.000000;,
   0.000000;0.000000;,
   0.000000;1.000000;,
   1.000000;0.000000;,
   1.000000;1.000000;,
   0.000000;0.000000;,
   0.000000;1.000000;,
   1.000000;0.000000;;
  }
 }
}

Frame Box06 {
 

 FrameTransformMatrix {
  -0.398701,-0.813725,0.422953,0.000000,0.303229,-0.552226,-0.776594,0.000000,0.865499,-0.181377,0.466919,0.000000,0.195751,52.109100,-1.508831,1.000000;;
 }

 Frame {
  

  FrameTransformMatrix {
   0.441618,-0.271568,-0.855116,0.000000,0.802962,0.544845,0.241651,0.000000,0.400281,-0.793344,0.458672,0.000000,0.000000,0.000000,0.000000,1.000000;;
  }

  Mesh  {
   20;
   -47.926701;0.000000;-0.997770;,
   47.926701;0.000000;-0.997770;,
   -47.926701;0.000000;0.997770;,
   47.926701;0.000000;0.997770;,
   -47.926701;10.290054;-0.997770;,
   47.926701;10.290054;-0.997770;,
   -47.926701;10.290054;0.997770;,
   47.926701;10.290054;0.997770;,
   -47.926701;0.000000;-0.997770;,
   47.926701;10.290054;-0.997770;,
   47.926701;0.000000;-0.997770;,
   -47.926701;10.290054;-0.997770;,
   47.926701;0.000000;0.997770;,
   47.926701;10.290054;-0.997770;,
   47.926701;0.000000;0.997770;,
   -47.926701;10.290054;0.997770;,
   -47.926701;0.000000;0.997770;,
   47.926701;10.290054;0.997770;,
   -47.926701;0.000000;0.997770;,
   -47.926701;10.290054;-0.997770;;
   12;
   3;0,3,2;,
   3;3,0,1;,
   3;4,7,5;,
   3;7,4,6;,
   3;8,9,10;,
   3;9,8,11;,
   3;1,7,12;,
   3;7,1,13;,
   3;14,15,16;,
   3;15,14,17;,
   3;18,19,0;,
   3;19,18,6;;

   MeshNormals  {
    6;
    0.000000;-1.000000;0.000000;,
    0.000000;1.000000;0.000000;,
    0.000000;0.000000;-1.000000;,
    1.000000;0.000000;0.000000;,
    0.000000;0.000000;1.000000;,
    -1.000000;0.000000;0.000000;;
    12;
    3;0,0,0;,
    3;0,0,0;,
    3;1,1,1;,
    3;1,1,1;,
    3;2,2,2;,
    3;2,2,2;,
    3;3,3,3;,
    3;3,3,3;,
    3;4,4,4;,
    3;4,4,4;,
    3;5,5,5;,
    3;5,5,5;;
   }

   MeshMaterialList  {
    1;
    12;
    0,
    0,
    0,
    0,
    0,
    0,
    0,
    0,
    0,
    0,
    0,
    0;
    { PDX07_-_Default }
   }

   MeshTextureCoords  {
    20;
    1.000000;1.000000;,
    0.000000;1.000000;,
    1.000000;0.000000;,
    0.000000;0.000000;,
    0.000000;1.000000;,
    1.000000;1.000000;,
    0.000000;0.000000;,
    1.000000;0.000000;,
    0.000000;1.000000;,
    1.000000;0.000000;,
    1.000000;1.000000;,
    0.000000;0.000000;,
    1.000000;1.000000;,
    0.000000;0.000000;,
    0.000000;1.000000;,
    1.000000;0.000000;,
    1.000000;1.000000;,
    0.000000;0.000000;,
    0.000000;1.000000;,
    1.000000;0.000000;;
   }
  }
 }
}

AnimationSet Anim-2 {
 

 Animation Anim-Box02 {
  
  { Box02 }

  AnimationKey {
   4;
   91;
   0;16;0.274270,0.961653,0.000000,0.000000,-0.961653,0.274270,0.000000,0.000000,0.000000,0.000000,1.000000,0.000000,-13.709091,46.553234,0.450298,1.000000;;,
   1;16;0.271622,0.961653,0.038023,0.000000,-0.952367,0.274270,-0.133317,0.000000,-0.138633,0.000000,0.990344,0.000000,-13.709091,46.553234,4.228635,1.000000;;,
   2;16;0.256610,0.961653,0.096829,0.000000,-0.899730,0.274270,-0.339502,0.000000,-0.353040,0.000000,0.935608,0.000000,-13.709091,46.553234,10.316479,1.000000;;,
   3;16;0.396668,0.884804,0.244492,0.000000,-0.836298,0.458145,-0.301179,0.000000,-0.378498,-0.085000,0.921691,0.000000,-13.709091,46.553234,14.302895,1.000000;;,
   4;16;0.566944,0.695674,0.441149,0.000000,-0.776479,0.630129,0.004207,0.000000,-0.275053,-0.344928,0.897424,0.000000,-13.709091,46.553234,18.926357,1.000000;;,
   5;16;0.712484,0.552825,0.432146,0.000000,-0.701186,0.584223,0.408682,0.000000,-0.026540,-0.594194,0.803883,0.000000,-5.128008,46.553234,26.324190,1.000000;;,
   6;16;0.838955,0.402631,0.366119,0.000000,-0.527819,0.438196,0.727593,0.000000,0.132519,-0.803662,0.580143,0.000000,3.453075,46.553234,33.888916,1.000000;;,
   7;16;0.914149,0.152183,0.375728,0.000000,-0.404324,0.275498,0.872137,0.000000,0.029212,-0.949179,0.313377,0.000000,3.453076,36.023708,39.247692,1.000000;;,
   8;16;0.926317,-0.011258,0.376577,0.000000,-0.372615,0.120214,0.920166,0.000000,-0.055629,-0.992684,0.107161,0.000000,3.453076,20.541988,43.833939,1.000000;;,
   9;16;0.926198,-0.005327,0.376999,0.000000,-0.376804,0.022067,0.926030,0.000000,-0.013253,-0.999742,0.018431,0.000000,3.453076,12.415892,49.395565,1.000000;;,
   10;16;0.926047,0.000604,0.377408,0.000000,-0.377372,-0.012424,0.925978,0.000000,0.005248,-0.999923,-0.011277,0.000000,3.453076,6.935644,52.616272,1.000000;;,
   11;16;0.957956,0.000604,0.286913,0.000000,-0.286884,-0.012424,0.957885,0.000000,0.004143,-0.999923,-0.011728,0.000000,3.453076,3.360240,52.616272,1.000000;;,
   12;16;0.981046,0.000604,0.193776,0.000000,-0.193754,-0.012424,0.980972,0.000000,0.003000,-0.999923,-0.012071,0.000000,3.453076,2.091187,52.616272,1.000000;;,
   13;16;0.981046,0.000604,0.193776,0.000000,-0.193754,-0.012424,0.980972,0.000000,0.003000,-0.999923,-0.012071,0.000000,3.453076,2.091187,52.616272,1.000000;;,
   14;16;0.981046,0.000604,0.193776,0.000000,-0.193754,-0.012424,0.980972,0.000000,0.003000,-0.999923,-0.012071,0.000000,3.453076,2.091187,52.616272,1.000000;;,
   15;16;0.981046,0.000604,0.193776,0.000000,-0.193754,-0.012424,0.980972,0.000000,0.003000,-0.999923,-0.012071,0.000000,3.453076,2.091187,52.616272,1.000000;;,
   16;16;0.981046,0.000604,0.193776,0.000000,-0.193754,-0.012424,0.980972,0.000000,0.003000,-0.999923,-0.012071,0.000000,3.453076,2.091187,52.616272,1.000000;;,
   17;16;0.981046,0.000604,0.193776,0.000000,-0.193754,-0.012424,0.980972,0.000000,0.003000,-0.999923,-0.012071,0.000000,3.453076,2.091187,52.616272,1.000000;;,
   18;16;0.981046,0.000604,0.193776,0.000000,-0.193754,-0.012424,0.980972,0.000000,0.003000,-0.999923,-0.012071,0.000000,3.453076,2.091187,52.616272,1.000000;;,
   19;16;0.981046,0.000604,0.193776,0.000000,-0.193754,-0.012424,0.980972,0.000000,0.003000,-0.999923,-0.012071,0.000000,3.453076,2.091187,52.616272,1.000000;;,
   20;16;0.981046,0.000604,0.193776,0.000000,-0.193754,-0.012424,0.980972,0.000000,0.003000,-0.999923,-0.012071,0.000000,3.453076,2.091187,52.616272,1.000000;;,
   21;16;0.981046,0.000604,0.193776,0.000000,-0.193754,-0.012424,0.980972,0.000000,0.003000,-0.999923,-0.012071,0.000000,3.453076,2.091187,52.616272,1.000000;;,
   22;16;0.981046,0.000604,0.193776,0.000000,-0.193754,-0.012424,0.980972,0.000000,0.003000,-0.999923,-0.012071,0.000000,3.453076,2.091187,52.616272,1.000000;;,
   23;16;0.981046,0.000604,0.193776,0.000000,-0.193754,-0.012424,0.980972,0.000000,0.003000,-0.999923,-0.012071,0.000000,3.453076,2.091187,52.616272,1.000000;;,
   24;16;0.981046,0.000604,0.193776,0.000000,-0.193754,-0.012424,0.980972,0.000000,0.003000,-0.999923,-0.012071,0.000000,3.453076,2.091187,52.616272,1.000000;;,
   25;16;0.981046,0.000604,0.193776,0.000000,-0.193754,-0.012424,0.980972,0.000000,0.003000,-0.999923,-0.012071,0.000000,3.453076,2.091187,52.616272,1.000000;;,
   26;16;0.981046,0.000604,0.193776,0.000000,-0.193754,-0.012424,0.980972,0.000000,0.003000,-0.999923,-0.012071,0.000000,3.453076,2.091187,52.616272,1.000000;;,
   27;16;0.981046,0.000604,0.193776,0.000000,-0.193754,-0.012424,0.980972,0.000000,0.003000,-0.999923,-0.012071,0.000000,3.453076,2.091187,52.616272,1.000000;;,
   28;16;0.981046,0.000604,0.193776,0.000000,-0.193754,-0.012424,0.980972,0.000000,0.003000,-0.999923,-0.012071,0.000000,3.453076,2.091187,52.616272,1.000000;;,
   29;16;0.981046,0.000604,0.193776,0.000000,-0.193754,-0.012424,0.980972,0.000000,0.003000,-0.999923,-0.012071,0.000000,3.453076,2.091187,52.616272,1.000000;;,
   30;16;0.981046,0.000604,0.193776,0.000000,-0.193754,-0.012424,0.980972,0.000000,0.003000,-0.999923,-0.012071,0.000000,3.453076,2.091187,52.616272,1.000000;;,
   31;16;0.981046,0.000604,0.193776,0.000000,-0.193754,-0.012424,0.980972,0.000000,0.003000,-0.999923,-0.012071,0.000000,3.453076,2.091187,52.616272,1.000000;;,
   32;16;0.981046,0.000604,0.193776,0.000000,-0.193754,-0.012424,0.980972,0.000000,0.003000,-0.999923,-0.012071,0.000000,3.453076,2.091187,52.616272,1.000000;;,
   33;16;0.981046,0.000604,0.193776,0.000000,-0.193754,-0.012424,0.980972,0.000000,0.003000,-0.999923,-0.012071,0.000000,3.453076,2.091187,52.616272,1.000000;;,
   34;16;0.981046,0.000604,0.193776,0.000000,-0.193754,-0.012424,0.980972,0.000000,0.003000,-0.999923,-0.012071,0.000000,3.453076,2.091187,52.616272,1.000000;;,
   35;16;0.981046,0.000604,0.193776,0.000000,-0.193754,-0.012424,0.980972,0.000000,0.003000,-0.999923,-0.012071,0.000000,3.453076,2.091187,52.616272,1.000000;;,
   36;16;0.981046,0.000604,0.193776,0.000000,-0.193754,-0.012424,0.980972,0.000000,0.003000,-0.999923,-0.012071,0.000000,3.453076,2.091187,52.616272,1.000000;;,
   37;16;0.981046,0.000604,0.193776,0.000000,-0.193754,-0.012424,0.980972,0.000000,0.003000,-0.999923,-0.012071,0.000000,3.453076,2.091187,52.616272,1.000000;;,
   38;16;0.981046,0.000604,0.193776,0.000000,-0.193754,-0.012424,0.980972,0.000000,0.003000,-0.999923,-0.012071,0.000000,3.453076,2.091187,52.616272,1.000000;;,
   39;16;0.981046,0.000604,0.193776,0.000000,-0.193754,-0.012424,0.980972,0.000000,0.003000,-0.999923,-0.012071,0.000000,3.453076,2.091187,52.616272,1.000000;;,
   40;16;0.981046,0.000604,0.193776,0.000000,-0.193754,-0.012424,0.980972,0.000000,0.003000,-0.999923,-0.012071,0.000000,3.453076,2.091187,52.616272,1.000000;;,
   41;16;0.981046,0.000604,0.193776,0.000000,-0.193754,-0.012424,0.980972,0.000000,0.003000,-0.999923,-0.012071,0.000000,3.453076,2.091187,52.616272,1.000000;;,
   42;16;0.981046,0.000604,0.193776,0.000000,-0.193754,-0.012424,0.980972,0.000000,0.003000,-0.999923,-0.012071,0.000000,3.453076,2.091187,52.616272,1.000000;;,
   43;16;0.981046,0.000604,0.193776,0.000000,-0.193754,-0.012424,0.980972,0.000000,0.003000,-0.999923,-0.012071,0.000000,3.453076,2.091187,52.616272,1.000000;;,
   44;16;0.981046,0.000604,0.193776,0.000000,-0.193754,-0.012424,0.980972,0.000000,0.003000,-0.999923,-0.012071,0.000000,3.453076,2.091187,52.616272,1.000000;;,
   45;16;0.981046,0.000604,0.193776,0.000000,-0.193754,-0.012424,0.980972,0.000000,0.003000,-0.999923,-0.012071,0.000000,3.453076,2.091187,52.616272,1.000000;;,
   46;16;0.981046,0.000604,0.193776,0.000000,-0.193754,-0.012424,0.980972,0.000000,0.003000,-0.999923,-0.012071,0.000000,3.453076,2.091187,52.616272,1.000000;;,
   47;16;0.981046,0.000604,0.193776,0.000000,-0.193754,-0.012424,0.980972,0.000000,0.003000,-0.999923,-0.012071,0.000000,3.453076,2.091187,52.616272,1.000000;;,
   48;16;0.981046,0.000604,0.193776,0.000000,-0.193754,-0.012424,0.980972,0.000000,0.003000,-0.999923,-0.012071,0.000000,3.453076,2.091187,52.616272,1.000000;;,
   49;16;0.981046,0.000604,0.193776,0.000000,-0.193754,-0.012424,0.980972,0.000000,0.003000,-0.999923,-0.012071,0.000000,3.453076,2.091187,52.616272,1.000000;;,
   50;16;0.981046,0.000604,0.193776,0.000000,-0.193754,-0.012424,0.980972,0.000000,0.003000,-0.999923,-0.012071,0.000000,3.453076,2.091187,52.616272,1.000000;;,
   51;16;0.981046,0.000604,0.193776,0.000000,-0.193754,-0.012424,0.980972,0.000000,0.003000,-0.999923,-0.012071,0.000000,3.453076,2.091187,52.616272,1.000000;;,
   52;16;0.981046,0.000604,0.193776,0.000000,-0.193754,-0.012424,0.980972,0.000000,0.003000,-0.999923,-0.012071,0.000000,3.453076,2.091187,52.616272,1.000000;;,
   53;16;0.981046,0.000604,0.193776,0.000000,-0.193754,-0.012424,0.980972,0.000000,0.003000,-0.999923,-0.012071,0.000000,3.453076,2.091187,52.616272,1.000000;;,
   54;16;0.981046,0.000604,0.193776,0.000000,-0.193754,-0.012424,0.980972,0.000000,0.003000,-0.999923,-0.012071,0.000000,3.453076,2.091187,52.616272,1.000000;;,
   55;16;0.981046,0.000604,0.193776,0.000000,-0.193754,-0.012424,0.980972,0.000000,0.003000,-0.999923,-0.012071,0.000000,3.453076,2.091187,52.616272,1.000000;;,
   56;16;0.981046,0.000604,0.193776,0.000000,-0.193754,-0.012424,0.980972,0.000000,0.003000,-0.999923,-0.012071,0.000000,3.453076,2.091187,52.616272,1.000000;;,
   57;16;0.981046,0.000604,0.193776,0.000000,-0.193754,-0.012424,0.980972,0.000000,0.003000,-0.999923,-0.012071,0.000000,3.453076,2.091187,52.616272,1.000000;;,
   58;16;0.981046,0.000604,0.193776,0.000000,-0.193754,-0.012424,0.980972,0.000000,0.003000,-0.999923,-0.012071,0.000000,3.453076,2.091187,52.616272,1.000000;;,
   59;16;0.981046,0.000604,0.193776,0.000000,-0.193754,-0.012424,0.980972,0.000000,0.003000,-0.999923,-0.012071,0.000000,3.453076,2.091187,52.616272,1.000000;;,
   60;16;0.981046,0.000604,0.193776,0.000000,-0.193754,-0.012424,0.980972,0.000000,0.003000,-0.999923,-0.012071,0.000000,3.453076,2.091187,52.616272,1.000000;;,
   61;16;0.981046,0.000604,0.193776,0.000000,-0.193754,-0.012424,0.980972,0.000000,0.003000,-0.999923,-0.012071,0.000000,3.453076,2.091187,52.616272,1.000000;;,
   62;16;0.981046,0.000604,0.193776,0.000000,-0.193754,-0.012424,0.980972,0.000000,0.003000,-0.999923,-0.012071,0.000000,3.453076,2.091187,52.616272,1.000000;;,
   63;16;0.981046,0.000604,0.193776,0.000000,-0.193754,-0.012424,0.980972,0.000000,0.003000,-0.999923,-0.012071,0.000000,3.453076,2.091187,52.616272,1.000000;;,
   64;16;0.981046,0.000604,0.193776,0.000000,-0.193754,-0.012424,0.980972,0.000000,0.003000,-0.999923,-0.012071,0.000000,3.453076,2.091187,52.616272,1.000000;;,
   65;16;0.981046,0.000604,0.193776,0.000000,-0.193754,-0.012424,0.980972,0.000000,0.003000,-0.999923,-0.012071,0.000000,3.453076,2.091187,52.616272,1.000000;;,
   66;16;0.981046,0.000604,0.193776,0.000000,-0.193754,-0.012424,0.980972,0.000000,0.003000,-0.999923,-0.012071,0.000000,3.453076,2.091187,52.616272,1.000000;;,
   67;16;0.981046,0.000604,0.193776,0.000000,-0.193754,-0.012424,0.980972,0.000000,0.003000,-0.999923,-0.012071,0.000000,3.453076,2.091187,52.616272,1.000000;;,
   68;16;0.981046,0.000604,0.193776,0.000000,-0.193754,-0.012424,0.980972,0.000000,0.003000,-0.999923,-0.012071,0.000000,3.453076,2.091187,52.616272,1.000000;;,
   69;16;0.981046,0.000604,0.193776,0.000000,-0.193754,-0.012424,0.980972,0.000000,0.003000,-0.999923,-0.012071,0.000000,3.453076,2.091187,52.616272,1.000000;;,
   70;16;0.981046,0.000604,0.193776,0.000000,-0.193754,-0.012424,0.980972,0.000000,0.003000,-0.999923,-0.012071,0.000000,3.453076,2.091187,52.616272,1.000000;;,
   71;16;0.981046,0.000604,0.193776,0.000000,-0.193754,-0.012424,0.980972,0.000000,0.003000,-0.999923,-0.012071,0.000000,3.453076,2.091187,52.616272,1.000000;;,
   72;16;0.981046,0.000604,0.193776,0.000000,-0.193754,-0.012424,0.980972,0.000000,0.003000,-0.999923,-0.012071,0.000000,3.453076,2.091187,52.616272,1.000000;;,
   73;16;0.981046,0.000604,0.193776,0.000000,-0.193754,-0.012424,0.980972,0.000000,0.003000,-0.999923,-0.012071,0.000000,3.453076,2.091187,52.616272,1.000000;;,
   74;16;0.981046,0.000604,0.193776,0.000000,-0.193754,-0.012424,0.980972,0.000000,0.003000,-0.999923,-0.012071,0.000000,3.453076,2.091187,52.616272,1.000000;;,
   75;16;0.981046,0.000604,0.193776,0.000000,-0.193754,-0.012424,0.980972,0.000000,0.003000,-0.999923,-0.012071,0.000000,3.453076,2.091187,52.616272,1.000000;;,
   76;16;0.981046,0.000604,0.193776,0.000000,-0.193754,-0.012424,0.980972,0.000000,0.003000,-0.999923,-0.012071,0.000000,3.453076,2.091187,52.616272,1.000000;;,
   77;16;0.981046,0.000604,0.193776,0.000000,-0.193754,-0.012424,0.980972,0.000000,0.003000,-0.999923,-0.012071,0.000000,3.453076,2.091187,52.616272,1.000000;;,
   78;16;0.981046,0.000604,0.193776,0.000000,-0.193754,-0.012424,0.980972,0.000000,0.003000,-0.999923,-0.012071,0.000000,3.453076,2.091187,52.616272,1.000000;;,
   79;16;0.981046,0.000604,0.193776,0.000000,-0.193754,-0.012424,0.980972,0.000000,0.003000,-0.999923,-0.012071,0.000000,3.453076,2.091187,52.616272,1.000000;;,
   80;16;0.981046,0.000604,0.193776,0.000000,-0.193754,-0.012424,0.980972,0.000000,0.003000,-0.999923,-0.012071,0.000000,3.453076,2.091187,52.616272,1.000000;;,
   81;16;0.981046,0.000604,0.193776,0.000000,-0.193754,-0.012424,0.980972,0.000000,0.003000,-0.999923,-0.012071,0.000000,3.453076,2.091187,52.616272,1.000000;;,
   82;16;0.981046,0.000604,0.193776,0.000000,-0.193754,-0.012424,0.980972,0.000000,0.003000,-0.999923,-0.012071,0.000000,3.453076,2.091187,52.616272,1.000000;;,
   83;16;0.981046,0.000604,0.193776,0.000000,-0.193754,-0.012424,0.980972,0.000000,0.003000,-0.999923,-0.012071,0.000000,3.453076,2.091187,52.616272,1.000000;;,
   84;16;0.981046,0.000604,0.193776,0.000000,-0.193754,-0.012424,0.980972,0.000000,0.003000,-0.999923,-0.012071,0.000000,3.453076,2.091187,52.616272,1.000000;;,
   85;16;0.981046,0.000604,0.193776,0.000000,-0.193754,-0.012424,0.980972,0.000000,0.003000,-0.999923,-0.012071,0.000000,3.453076,2.091187,52.616272,1.000000;;,
   86;16;0.981046,0.000604,0.193776,0.000000,-0.193754,-0.012424,0.980972,0.000000,0.003000,-0.999923,-0.012071,0.000000,3.453076,2.091187,52.616272,1.000000;;,
   87;16;0.981046,0.000604,0.193776,0.000000,-0.193754,-0.012424,0.980972,0.000000,0.003000,-0.999923,-0.012071,0.000000,3.453076,2.091187,52.616272,1.000000;;,
   88;16;0.981046,0.000604,0.193776,0.000000,-0.193754,-0.012424,0.980972,0.000000,0.003000,-0.999923,-0.012071,0.000000,3.453076,2.091187,52.616272,1.000000;;,
   89;16;0.981046,0.000604,0.193776,0.000000,-0.193754,-0.012424,0.980972,0.000000,0.003000,-0.999923,-0.012071,0.000000,3.453076,2.091187,52.616272,1.000000;;,
   90;16;0.981046,0.000604,0.193776,0.000000,-0.193754,-0.012424,0.980972,0.000000,0.003000,-0.999923,-0.012071,0.000000,3.453076,2.091187,52.616272,1.000000;;;
  }
 }

 Animation Anim-Box03 {
  
  { Box03 }

  AnimationKey {
   4;
   91;
   0;16;-0.361050,0.932546,0.000000,0.000000,-0.932546,-0.361050,0.000000,0.000000,0.000000,0.000000,1.000000,0.000000,29.005619,50.044144,0.450298,1.000000;;,
   1;16;-0.361050,0.932546,0.000000,0.000000,-0.932546,-0.361050,0.000000,0.000000,0.000000,0.000000,1.000000,0.000000,29.005619,50.044144,0.450298,1.000000;;,
   2;16;-0.361050,0.932546,0.000000,0.000000,-0.932546,-0.361050,0.000000,0.000000,0.000000,0.000000,1.000000,0.000000,29.005619,50.044144,0.450298,1.000000;;,
   3;16;-0.361050,0.932546,0.000000,0.000000,-0.932546,-0.361050,0.000000,0.000000,0.000000,0.000000,1.000000,0.000000,29.005619,50.044144,0.450298,1.000000;;,
   4;16;-0.361050,0.932546,0.000000,0.000000,-0.932546,-0.361050,0.000000,0.000000,0.000000,0.000000,1.000000,0.000000,29.005619,50.044144,0.450298,1.000000;;,
   5;16;-0.361050,0.932546,0.000000,0.000000,-0.932546,-0.361050,0.000000,0.000000,0.000000,0.000000,1.000000,0.000000,29.005619,50.044144,0.450298,1.000000;;,
   6;16;-0.361050,0.932546,0.000000,0.000000,-0.932546,-0.361050,0.000000,0.000000,0.000000,0.000000,1.000000,0.000000,29.005619,50.044144,0.450298,1.000000;;,
   7;16;-0.361050,0.932546,0.000000,0.000000,-0.932546,-0.361050,0.000000,0.000000,0.000000,0.000000,1.000000,0.000000,29.005619,50.044144,0.450298,1.000000;;,
   8;16;-0.361050,0.932546,0.000000,0.000000,-0.932546,-0.361050,0.000000,0.000000,0.000000,0.000000,1.000000,0.000000,29.005619,50.044144,0.450298,1.000000;;,
   9;16;-0.361050,0.932546,0.000000,0.000000,-0.932546,-0.361050,0.000000,0.000000,0.000000,0.000000,1.000000,0.000000,29.005619,50.044144,0.450298,1.000000;;,
   10;16;-0.361050,0.932546,0.000000,0.000000,-0.932546,-0.361050,0.000000,0.000000,0.000000,0.000000,1.000000,0.000000,29.005619,50.044144,0.450298,1.000000;;,
   11;16;-0.361050,0.932546,0.000000,0.000000,-0.932546,-0.361050,0.000000,0.000000,0.000000,0.000000,1.000000,0.000000,29.005619,50.044144,0.450298,1.000000;;,
   12;16;-0.361050,0.932546,0.000000,0.000000,-0.932546,-0.361050,0.000000,0.000000,0.000000,0.000000,1.000000,0.000000,29.005619,50.044144,0.450298,1.000000;;,
   13;16;-0.361050,0.932546,0.000000,0.000000,-0.932546,-0.361050,0.000000,0.000000,0.000000,0.000000,1.000000,0.000000,29.005619,50.044144,0.450298,1.000000;;,
   14;16;-0.361050,0.932546,0.000000,0.000000,-0.932546,-0.361050,0.000000,0.000000,0.000000,0.000000,1.000000,0.000000,29.005619,50.044144,0.450298,1.000000;;,
   15;16;-0.370956,0.925486,0.076604,0.000000,-0.928650,-0.369777,-0.029570,0.000000,0.000960,-0.082107,0.996623,0.000000,29.005619,50.044144,6.602140,1.000000;;,
   16;16;-0.368966,0.905460,0.209778,0.000000,-0.929441,-0.359921,-0.081219,0.000000,0.001963,-0.224943,0.974370,0.000000,29.005619,50.044144,15.555111,1.000000;;,
   17;16;-0.363147,0.877243,0.313957,0.000000,-0.931729,-0.342662,-0.120262,0.000000,0.002082,-0.336196,0.941790,0.000000,29.005619,47.354626,19.205730,1.000000;;,
   18;16;-0.368966,0.816468,0.444122,0.000000,-0.929441,-0.325127,-0.174450,0.000000,0.001963,-0.477151,0.878819,0.000000,29.005619,43.237808,22.859299,1.000000;;,
   19;16;-0.384235,0.659409,0.646176,0.000000,-0.923187,-0.281566,-0.261621,0.000000,0.009426,-0.697065,0.716946,0.000000,29.005619,41.390175,30.300339,1.000000;;,
   20;16;-0.368966,0.449975,0.813257,0.000000,-0.929441,-0.180477,-0.321820,0.000000,0.001964,-0.874615,0.484815,0.000000,29.005619,38.625778,37.987686,1.000000;;,
   21;16;-0.364371,0.280249,0.888085,0.000000,-0.931247,-0.105979,-0.348637,0.000000,-0.003587,-0.954059,0.299597,0.000000,29.005619,31.937962,44.150192,1.000000;;,
   22;16;-0.368966,0.144542,0.918135,0.000000,-0.929441,-0.059467,-0.364148,0.000000,0.001964,-0.987710,0.156285,0.000000,29.005619,24.485357,47.262321,1.000000;;,
   23;16;-0.369169,0.046690,0.928189,0.000000,-0.929361,-0.019845,-0.368637,0.000000,0.001209,-0.998712,0.050718,0.000000,29.005619,18.828594,47.262321,1.000000;;,
   24;16;-0.368967,0.005961,0.929424,0.000000,-0.929441,-0.004479,-0.368944,0.000000,0.001964,-0.999972,0.007193,0.000000,29.005619,13.755044,47.262321,1.000000;;,
   25;16;-0.368967,0.005961,0.929424,0.000000,-0.929441,-0.004479,-0.368944,0.000000,0.001964,-0.999972,0.007193,0.000000,29.005619,7.754875,55.163116,1.000000;;,
   26;16;-0.368967,0.005961,0.929424,0.000000,-0.929441,-0.004479,-0.368944,0.000000,0.001964,-0.999972,0.007193,0.000000,29.005619,4.280331,63.063919,1.000000;;,
   27;16;-0.368967,0.005961,0.929424,0.000000,-0.929441,-0.004479,-0.368944,0.000000,0.001964,-0.999972,0.007193,0.000000,29.005619,4.280331,63.063919,1.000000;;,
   28;16;-0.368967,0.005961,0.929424,0.000000,-0.929441,-0.004479,-0.368944,0.000000,0.001964,-0.999972,0.007193,0.000000,29.005619,4.280331,63.063919,1.000000;;,
   29;16;-0.368967,0.005961,0.929424,0.000000,-0.929441,-0.004479,-0.368944,0.000000,0.001964,-0.999972,0.007193,0.000000,29.005619,4.280331,63.063919,1.000000;;,
   30;16;-0.368967,0.005961,0.929424,0.000000,-0.929441,-0.004479,-0.368944,0.000000,0.001964,-0.999972,0.007193,0.000000,29.005619,4.280331,63.063919,1.000000;;,
   31;16;-0.368967,0.005961,0.929424,0.000000,-0.929441,-0.004479,-0.368944,0.000000,0.001964,-0.999972,0.007193,0.000000,29.005619,4.280331,63.063919,1.000000;;,
   32;16;-0.368967,0.005961,0.929424,0.000000,-0.929441,-0.004479,-0.368944,0.000000,0.001964,-0.999972,0.007193,0.000000,29.005619,4.280331,63.063919,1.000000;;,
   33;16;-0.368967,0.005961,0.929424,0.000000,-0.929441,-0.004479,-0.368944,0.000000,0.001964,-0.999972,0.007193,0.000000,29.005619,4.280331,63.063919,1.000000;;,
   34;16;-0.368967,0.005961,0.929424,0.000000,-0.929441,-0.004479,-0.368944,0.000000,0.001964,-0.999972,0.007193,0.000000,29.005619,4.280331,63.063919,1.000000;;,
   35;16;-0.368967,0.005961,0.929424,0.000000,-0.929441,-0.004479,-0.368944,0.000000,0.001964,-0.999972,0.007193,0.000000,29.005619,4.280331,63.063919,1.000000;;,
   36;16;-0.368967,0.005961,0.929424,0.000000,-0.929441,-0.004479,-0.368944,0.000000,0.001964,-0.999972,0.007193,0.000000,29.005619,4.280331,63.063919,1.000000;;,
   37;16;-0.368967,0.005961,0.929424,0.000000,-0.929441,-0.004479,-0.368944,0.000000,0.001964,-0.999972,0.007193,0.000000,29.005619,4.280331,63.063919,1.000000;;,
   38;16;-0.368967,0.005961,0.929424,0.000000,-0.929441,-0.004479,-0.368944,0.000000,0.001964,-0.999972,0.007193,0.000000,29.005619,4.280331,63.063919,1.000000;;,
   39;16;-0.368967,0.005961,0.929424,0.000000,-0.929441,-0.004479,-0.368944,0.000000,0.001964,-0.999972,0.007193,0.000000,29.005619,4.280331,63.063919,1.000000;;,
   40;16;-0.368967,0.005961,0.929424,0.000000,-0.929441,-0.004479,-0.368944,0.000000,0.001964,-0.999972,0.007193,0.000000,29.005619,4.280331,63.063919,1.000000;;,
   41;16;-0.368967,0.005961,0.929424,0.000000,-0.929441,-0.004479,-0.368944,0.000000,0.001964,-0.999972,0.007193,0.000000,29.005619,4.280331,63.063919,1.000000;;,
   42;16;-0.368967,0.005961,0.929424,0.000000,-0.929441,-0.004479,-0.368944,0.000000,0.001964,-0.999972,0.007193,0.000000,29.005619,4.280331,63.063919,1.000000;;,
   43;16;-0.368967,0.005961,0.929424,0.000000,-0.929441,-0.004479,-0.368944,0.000000,0.001964,-0.999972,0.007193,0.000000,29.005619,4.280331,63.063919,1.000000;;,
   44;16;-0.368967,0.005961,0.929424,0.000000,-0.929441,-0.004479,-0.368944,0.000000,0.001964,-0.999972,0.007193,0.000000,29.005619,4.280331,63.063919,1.000000;;,
   45;16;-0.368967,0.005961,0.929424,0.000000,-0.929441,-0.004479,-0.368944,0.000000,0.001964,-0.999972,0.007193,0.000000,29.005619,4.280331,63.063919,1.000000;;,
   46;16;-0.368967,0.005961,0.929424,0.000000,-0.929441,-0.004479,-0.368944,0.000000,0.001964,-0.999972,0.007193,0.000000,29.005619,4.280331,63.063919,1.000000;;,
   47;16;-0.368967,0.005961,0.929424,0.000000,-0.929441,-0.004479,-0.368944,0.000000,0.001964,-0.999972,0.007193,0.000000,29.005619,4.280331,63.063919,1.000000;;,
   48;16;-0.368967,0.005961,0.929424,0.000000,-0.929441,-0.004479,-0.368944,0.000000,0.001964,-0.999972,0.007193,0.000000,29.005619,4.280331,63.063919,1.000000;;,
   49;16;-0.368967,0.005961,0.929424,0.000000,-0.929441,-0.004479,-0.368944,0.000000,0.001964,-0.999972,0.007193,0.000000,29.005619,4.280331,63.063919,1.000000;;,
   50;16;-0.368967,0.005961,0.929424,0.000000,-0.929441,-0.004479,-0.368944,0.000000,0.001964,-0.999972,0.007193,0.000000,29.005619,4.280331,63.063919,1.000000;;,
   51;16;-0.368967,0.005961,0.929424,0.000000,-0.929441,-0.004479,-0.368944,0.000000,0.001964,-0.999972,0.007193,0.000000,29.005619,4.280331,63.063919,1.000000;;,
   52;16;-0.368967,0.005961,0.929424,0.000000,-0.929441,-0.004479,-0.368944,0.000000,0.001964,-0.999972,0.007193,0.000000,29.005619,4.280331,63.063919,1.000000;;,
   53;16;-0.368967,0.005961,0.929424,0.000000,-0.929441,-0.004479,-0.368944,0.000000,0.001964,-0.999972,0.007193,0.000000,29.005619,4.280331,63.063919,1.000000;;,
   54;16;-0.368967,0.005961,0.929424,0.000000,-0.929441,-0.004479,-0.368944,0.000000,0.001964,-0.999972,0.007193,0.000000,29.005619,4.280331,63.063919,1.000000;;,
   55;16;-0.368967,0.005961,0.929424,0.000000,-0.929441,-0.004479,-0.368944,0.000000,0.001964,-0.999972,0.007193,0.000000,29.005619,4.280331,63.063919,1.000000;;,
   56;16;-0.368967,0.005961,0.929424,0.000000,-0.929441,-0.004479,-0.368944,0.000000,0.001964,-0.999972,0.007193,0.000000,29.005619,4.280331,63.063919,1.000000;;,
   57;16;-0.368967,0.005961,0.929424,0.000000,-0.929441,-0.004479,-0.368944,0.000000,0.001964,-0.999972,0.007193,0.000000,29.005619,4.280331,63.063919,1.000000;;,
   58;16;-0.368967,0.005961,0.929424,0.000000,-0.929441,-0.004479,-0.368944,0.000000,0.001964,-0.999972,0.007193,0.000000,29.005619,4.280331,63.063919,1.000000;;,
   59;16;-0.368967,0.005961,0.929424,0.000000,-0.929441,-0.004479,-0.368944,0.000000,0.001964,-0.999972,0.007193,0.000000,29.005619,4.280331,63.063919,1.000000;;,
   60;16;-0.368967,0.005961,0.929424,0.000000,-0.929441,-0.004479,-0.368944,0.000000,0.001964,-0.999972,0.007193,0.000000,29.005619,4.280331,63.063919,1.000000;;,
   61;16;-0.368967,0.005961,0.929424,0.000000,-0.929441,-0.004479,-0.368944,0.000000,0.001964,-0.999972,0.007193,0.000000,29.005619,4.280331,63.063919,1.000000;;,
   62;16;-0.368967,0.005961,0.929424,0.000000,-0.929441,-0.004479,-0.368944,0.000000,0.001964,-0.999972,0.007193,0.000000,29.005619,4.280331,63.063919,1.000000;;,
   63;16;-0.368967,0.005961,0.929424,0.000000,-0.929441,-0.004479,-0.368944,0.000000,0.001964,-0.999972,0.007193,0.000000,29.005619,4.280331,63.063919,1.000000;;,
   64;16;-0.368967,0.005961,0.929424,0.000000,-0.929441,-0.004479,-0.368944,0.000000,0.001964,-0.999972,0.007193,0.000000,29.005619,4.280331,63.063919,1.000000;;,
   65;16;-0.368967,0.005961,0.929424,0.000000,-0.929441,-0.004479,-0.368944,0.000000,0.001964,-0.999972,0.007193,0.000000,29.005619,4.280331,63.063919,1.000000;;,
   66;16;-0.368967,0.005961,0.929424,0.000000,-0.929441,-0.004479,-0.368944,0.000000,0.001964,-0.999972,0.007193,0.000000,29.005619,4.280331,63.063919,1.000000;;,
   67;16;-0.368967,0.005961,0.929424,0.000000,-0.929441,-0.004479,-0.368944,0.000000,0.001964,-0.999972,0.007193,0.000000,29.005619,4.280331,63.063919,1.000000;;,
   68;16;-0.368967,0.005961,0.929424,0.000000,-0.929441,-0.004479,-0.368944,0.000000,0.001964,-0.999972,0.007193,0.000000,29.005619,4.280331,63.063919,1.000000;;,
   69;16;-0.368967,0.005961,0.929424,0.000000,-0.929441,-0.004479,-0.368944,0.000000,0.001964,-0.999972,0.007193,0.000000,29.005619,4.280331,63.063919,1.000000;;,
   70;16;-0.368967,0.005961,0.929424,0.000000,-0.929441,-0.004479,-0.368944,0.000000,0.001964,-0.999972,0.007193,0.000000,29.005619,4.280331,63.063919,1.000000;;,
   71;16;-0.368967,0.005961,0.929424,0.000000,-0.929441,-0.004479,-0.368944,0.000000,0.001964,-0.999972,0.007193,0.000000,29.005619,4.280331,63.063919,1.000000;;,
   72;16;-0.368967,0.005961,0.929424,0.000000,-0.929441,-0.004479,-0.368944,0.000000,0.001964,-0.999972,0.007193,0.000000,29.005619,4.280331,63.063919,1.000000;;,
